latitude: 45.76345967
longitude: 3.10955017
altitude: 351.9
